10	0.0	0.0	25.0	0.0	9.0	0.0
20	0.0	0.0	69.0	0.0	19.0	0.0
30	0.0	0.0	119.0	0.0	29.0	0.0
40	0.0	0.0	177.0	0.0	39.0	0.0
50	0.0	0.0	237.0	0.0	49.0	0.0
60	0.049999999999999996	0.21794494717703367	297.0	0.0	59.0	0.0
70	0.0	0.0	363.0	0.0	69.0	0.0
80	0.0	0.0	433.0	0.0	79.0	0.0
90	0.0	0.0	503.0	0.0	89.0	0.0
100	0.0	0.0	573.0	0.0	99.0	0.0
110	0.0	0.0	643.0	0.0	109.0	0.0
120	0.0	0.0	713.0	0.0	119.0	0.0
130	0.0	0.0	785.0	0.0	129.0	0.0
140	0.0	0.0	865.0	0.0	139.0	0.0
150	0.049999999999999996	0.21794494717703367	945.0	0.0	149.0	0.0
160	0.0	0.0	1025.0	0.0	159.0	0.0
170	0.0	0.0	1105.0	0.0	169.0	0.0
180	0.0	0.0	1185.0	0.0	179.0	0.0
190	0.0	0.0	1265.0	0.0	189.0	0.0
200	0.0	0.0	1345.0	0.0	199.0	0.0
210	0.0	0.0	1425.0	0.0	209.0	0.0
220	0.0	0.0	1505.0	0.0	219.0	0.0
230	0.0	0.0	1585.0	0.0	229.0	0.0
240	0.05000000000000001	0.2179449471770337	1665.0	0.0	239.0	0.0
250	0.05000000000000001	0.2179449471770337	1745.0	0.0	249.0	0.0
260	0.0	0.0	1829.0	0.0	259.0	0.0
270	0.0	0.0	1919.0	0.0	269.0	0.0
280	0.05	0.21794494717703367	2009.0	0.0	279.0	0.0
290	0.0	0.0	2099.0	0.0	289.0	0.0
300	0.0	0.0	2189.0	0.0	299.0	0.0
310	0.05000000000000001	0.2179449471770337	2279.0	0.0	309.0	0.0
320	0.0	0.0	2369.0	0.0	319.0	0.0
330	0.0	0.0	2459.0	0.0	329.0	0.0
340	0.0	0.0	2549.0	0.0	339.0	0.0
350	0.0	0.0	2639.0	0.0	349.0	0.0
360	0.049999999999999996	0.21794494717703367	2729.0	0.0	359.0	0.0
370	0.0	0.0	2819.0	0.0	369.0	0.0
380	0.0	0.0	2909.0	0.0	379.0	0.0
390	0.0	0.0	2999.0	0.0	389.0	0.0
400	0.0	0.0	3089.0	0.0	399.0	0.0
410	0.0	0.0	3179.0	0.0	409.0	0.0
420	0.0	0.0	3269.0	0.0	419.0	0.0
430	0.0	0.0	3359.0	0.0	429.0	0.0
440	0.0	0.0	3449.0	0.0	439.0	0.0
450	0.0	0.0	3539.0	0.0	449.0	0.0
460	0.0	0.0	3629.0	0.0	459.0	0.0
470	0.0	0.0	3719.0	0.0	469.0	0.0
480	0.0	0.0	3809.0	0.0	479.0	0.0
490	0.0	0.0	3899.0	0.0	489.0	0.0
500	0.0	0.0	3989.0	0.0	499.0	0.0
510	0.049999999999999996	0.21794494717703367	4079.0	0.0	509.0	0.0
520	0.049999999999999996	0.21794494717703367	4177.0	0.0	519.0	0.0
530	0.05000000000000001	0.2179449471770337	4277.0	0.0	529.0	0.0
540	0.049999999999999996	0.21794494717703367	4377.0	0.0	539.0	0.0
550	0.0	0.0	4477.0	0.0	549.0	0.0
560	0.0	0.0	4577.0	0.0	559.0	0.0
570	0.0	0.0	4677.0	0.0	569.0	0.0
580	0.05000000000000001	0.2179449471770337	4777.0	0.0	579.0	0.0
590	0.05000000000000001	0.2179449471770337	4877.0	0.0	589.0	0.0
600	0.0	0.0	4977.0	0.0	599.0	0.0
610	0.0	0.0	5077.0	0.0	609.0	0.0
620	0.0	0.0	5177.0	0.0	619.0	0.0
630	0.049999999999999996	0.21794494717703367	5277.0	0.0	629.0	0.0
640	0.0	0.0	5377.0	0.0	639.0	0.0
650	0.049999999999999996	0.21794494717703367	5477.0	0.0	649.0	0.0
660	0.0	0.0	5577.0	0.0	659.0	0.0
670	0.049999999999999996	0.21794494717703367	5677.0	0.0	669.0	0.0
680	0.05000000000000001	0.2179449471770337	5777.0	0.0	679.0	0.0
690	0.0	0.0	5877.0	0.0	689.0	0.0
700	0.0	0.0	5977.0	0.0	699.0	0.0
710	0.049999999999999996	0.21794494717703367	6077.0	0.0	709.0	0.0
720	0.0	0.0	6177.0	0.0	719.0	0.0
730	0.05	0.21794494717703367	6277.0	0.0	729.0	0.0
740	0.049999999999999996	0.21794494717703367	6377.0	0.0	739.0	0.0
750	0.049999999999999996	0.21794494717703367	6477.0	0.0	749.0	0.0
760	0.0	0.0	6577.0	0.0	759.0	0.0
770	0.0	0.0	6677.0	0.0	769.0	0.0
780	0.05	0.21794494717703367	6777.0	0.0	779.0	0.0
790	0.0	0.0	6877.0	0.0	789.0	0.0
800	0.05000000000000001	0.2179449471770337	6977.0	0.0	799.0	0.0
810	0.0	0.0	7077.0	0.0	809.0	0.0
820	0.05000000000000001	0.2179449471770337	7177.0	0.0	819.0	0.0
830	0.05000000000000001	0.2179449471770337	7277.0	0.0	829.0	0.0
840	0.049999999999999996	0.21794494717703367	7377.0	0.0	839.0	0.0
850	0.0	0.0	7477.0	0.0	849.0	0.0
860	0.0	0.0	7577.0	0.0	859.0	0.0
870	0.05000000000000001	0.2179449471770337	7677.0	0.0	869.0	0.0
880	0.05000000000000001	0.2179449471770337	7777.0	0.0	879.0	0.0
890	0.0	0.0	7877.0	0.0	889.0	0.0
900	0.049999999999999996	0.21794494717703367	7977.0	0.0	899.0	0.0
910	0.049999999999999996	0.21794494717703367	8077.0	0.0	909.0	0.0
920	0.05000000000000001	0.2179449471770337	8177.0	0.0	919.0	0.0
930	0.09999999999999999	0.3	8277.0	0.0	929.0	0.0
940	0.05000000000000001	0.2179449471770337	8377.0	0.0	939.0	0.0
950	0.0	0.0	8477.0	0.0	949.0	0.0
960	0.049999999999999996	0.21794494717703367	8577.0	0.0	959.0	0.0
970	0.10000000000000002	0.30000000000000004	8677.0	0.0	969.0	0.0
980	0.10000000000000002	0.30000000000000004	8777.0	0.0	979.0	0.0
990	0.05000000000000001	0.2179449471770337	8877.0	0.0	989.0	0.0
1000	0.049999999999999996	0.21794494717703367	8977.0	0.0	999.0	0.0
2000	0.09999999999999999	0.3	19953.0	0.0	1999.0	0.0
3000	0.10000000000000002	0.30000000000000004	31905.0	0.0	2999.0	0.0
4000	0.3	0.458257569495584	43905.0	0.0	3999.0	0.0
5000	0.09999999999999999	0.3	56809.0	0.0	4999.0	0.0
6000	0.25	0.4330127018922193	69809.0	0.0	5999.0	0.0
7000	0.25000000000000006	0.43301270189221935	82809.0	0.0	6999.0	0.0
8000	0.20000000000000004	0.4	95809.0	0.0	7999.0	0.0
9000	0.5000000000000001	0.5	109617.0	0.0	8999.0	0.0
10000	0.45	0.49749371855331	123617.0	0.0	9999.0	0.0
